(title "Spectral Analysis of drag-rfile")
(labels "Frequency (Hz)" "Power Spectral Density")

((xy/key/label "drag(cylinder)")
9.9950027e-01	9.4493880e-05
1.9990005e+00	7.7337048e-05
2.9985008e+00	6.0926104e-05
3.9980011e+00	4.8429807e-05
4.9975014e+00	3.9464969e-05
5.9970016e+00	3.3023527e-05
6.9965019e+00	2.8294055e-05
7.9960022e+00	2.4722565e-05
8.9955025e+00	2.1946817e-05
9.9950027e+00	1.9724979e-05
1.0994503e+01	1.7898508e-05
1.1994003e+01	1.6358066e-05
1.2993504e+01	1.5028974e-05
1.3993004e+01	1.3859322e-05
1.4992504e+01	1.2811120e-05
1.5992004e+01	1.1860117e-05
1.6991505e+01	1.0990177e-05
1.7991005e+01	1.0178171e-05
1.8990505e+01	9.4342722e-06
1.9990005e+01	8.7453300e-06
2.0989506e+01	8.1091102e-06
2.1989006e+01	7.5232861e-06
2.2988506e+01	6.9856451e-06
2.3988007e+01	6.4933720e-06
2.4987507e+01	6.0434536e-06
2.5987007e+01	5.6323615e-06
2.6986507e+01	5.2558648e-06
2.7986008e+01	4.9101391e-06
2.8985508e+01	4.5914680e-06
2.9985008e+01	4.2968504e-06
3.0984509e+01	4.0234495e-06
3.1984009e+01	3.7691091e-06
3.2983509e+01	3.5325202e-06
3.3983009e+01	3.3127142e-06
3.4982510e+01	3.1090326e-06
3.5982010e+01	2.9209396e-06
3.6981510e+01	2.7478929e-06
3.7981010e+01	2.5893171e-06
3.8980511e+01	2.4444364e-06
3.9980011e+01	2.3121538e-06
4.0979511e+01	2.1915973e-06
4.1979012e+01	2.0815467e-06
4.2978512e+01	1.9810291e-06
4.3978012e+01	1.8889061e-06
4.4977512e+01	1.8043577e-06
4.5977013e+01	1.7265617e-06
4.6976513e+01	1.6548134e-06
4.7976013e+01	1.5886365e-06
4.8975513e+01	1.5274193e-06
4.9975014e+01	1.4707834e-06
5.0974514e+01	1.4183389e-06
5.1974014e+01	1.3697792e-06
5.2973515e+01	1.3246902e-06
5.3973015e+01	1.2827419e-06
5.4972515e+01	1.2438958e-06
5.5972015e+01	1.2077146e-06
5.6971516e+01	1.1741913e-06
5.7971016e+01	1.1429985e-06
5.8970516e+01	1.1139711e-06
5.9970016e+01	1.0870370e-06
6.0969517e+01	1.0620985e-06
6.1969017e+01	1.0388598e-06
6.2968517e+01	1.0172474e-06
6.3968018e+01	9.9717749e-07
6.4967514e+01	9.7851580e-07
6.5967018e+01	9.6112240e-07
6.6966522e+01	9.4492606e-07
6.7966019e+01	9.2988631e-07
6.8965515e+01	9.1575276e-07
6.9965019e+01	9.0257919e-07
7.0964523e+01	8.9028157e-07
7.1964020e+01	8.7876987e-07
7.2963516e+01	8.6798877e-07
7.3963020e+01	8.5782784e-07
7.4962524e+01	8.4837643e-07
7.5962021e+01	8.3935817e-07
7.6961517e+01	8.3100576e-07
7.7961021e+01	8.2311118e-07
7.8960526e+01	8.1558426e-07
7.9960022e+01	8.0852658e-07
8.0959518e+01	8.0173538e-07
8.1959023e+01	7.9540496e-07
8.2958527e+01	7.8930645e-07
8.3958023e+01	7.8354003e-07
8.4957520e+01	7.7805464e-07
8.5957024e+01	7.7286234e-07
8.6956528e+01	7.6795595e-07
8.7956024e+01	7.6320475e-07
8.8955521e+01	7.5879683e-07
8.9955025e+01	7.5447355e-07
9.0954529e+01	7.5038423e-07
9.1954025e+01	7.4656560e-07
9.2953522e+01	7.4297003e-07
9.3953026e+01	7.3943340e-07
9.4952530e+01	7.3608288e-07
9.5952026e+01	7.3290636e-07
9.6951523e+01	7.2993157e-07
9.7951027e+01	7.2701778e-07
9.8950531e+01	7.2435660e-07
9.9950027e+01	7.2169740e-07
1.0094952e+02	7.1930367e-07
1.0194903e+02	7.1697309e-07
1.0294853e+02	7.1482020e-07
1.0394803e+02	7.1267760e-07
1.0494753e+02	7.1080427e-07
1.0594703e+02	7.0887802e-07
1.0694653e+02	7.0717880e-07
1.0794603e+02	7.0539767e-07
1.0894553e+02	7.0389871e-07
1.0994503e+02	7.0238684e-07
1.1094453e+02	7.0089339e-07
1.1194403e+02	6.9951483e-07
1.1294353e+02	6.9818293e-07
1.1394303e+02	6.9694590e-07
1.1494254e+02	6.9567614e-07
1.1594203e+02	6.9454410e-07
1.1694153e+02	6.9335448e-07
1.1794103e+02	6.9231436e-07
1.1894054e+02	6.9127407e-07
1.1994003e+02	6.9024270e-07
1.2093953e+02	6.8925976e-07
1.2193903e+02	6.8831190e-07
1.2293854e+02	6.8741093e-07
1.2393803e+02	6.8655868e-07
1.2493753e+02	6.8571239e-07
1.2593703e+02	6.8485156e-07
1.2693654e+02	6.8405359e-07
1.2793604e+02	6.8329280e-07
1.2893553e+02	6.8261176e-07
1.2993503e+02	6.8198926e-07
1.3093454e+02	6.8139059e-07
1.3193404e+02	6.8075963e-07
1.3293353e+02	6.8026020e-07
1.3393304e+02	6.7967733e-07
1.3493254e+02	6.7915033e-07
1.3593204e+02	6.7877374e-07
1.3693153e+02	6.7829018e-07
1.3793103e+02	6.7779774e-07
1.3893054e+02	6.7730400e-07
1.3993004e+02	6.7684846e-07
1.4092953e+02	6.7638376e-07
1.4192905e+02	6.7594414e-07
1.4292854e+02	6.7544357e-07
1.4392804e+02	6.7499707e-07
1.4492754e+02	6.7458654e-07
1.4592703e+02	6.7399276e-07
1.4692654e+02	6.7348105e-07
1.4792604e+02	6.7294206e-07
1.4892554e+02	6.7238147e-07
1.4992505e+02	6.7179997e-07
1.5092455e+02	6.7131003e-07
1.5192404e+02	6.7068584e-07
1.5292354e+02	6.6993130e-07
1.5392303e+02	6.6942971e-07
1.5492255e+02	6.6874435e-07
1.5592204e+02	6.6797151e-07
1.5692154e+02	6.6749175e-07
1.5792105e+02	6.6673027e-07
1.5892055e+02	6.6605759e-07
1.5992004e+02	6.6536654e-07
1.6091954e+02	6.6475798e-07
1.6191904e+02	6.6397405e-07
1.6291855e+02	6.6330648e-07
1.6391805e+02	6.6259463e-07
1.6491754e+02	6.6183725e-07
1.6591705e+02	6.6113324e-07
1.6691655e+02	6.6043702e-07
1.6791605e+02	6.5984119e-07
1.6891554e+02	6.5897802e-07
1.6991504e+02	6.5821649e-07
1.7091455e+02	6.5748338e-07
1.7191405e+02	6.5664506e-07
1.7291354e+02	6.5582776e-07
1.7391306e+02	6.5500933e-07
1.7491255e+02	6.5425797e-07
1.7591205e+02	6.5344472e-07
1.7691154e+02	6.5264635e-07
1.7791104e+02	6.5175999e-07
1.7891055e+02	6.5091547e-07
1.7991005e+02	6.4999045e-07
1.8090955e+02	6.4913388e-07
1.8190906e+02	6.4838298e-07
1.8290855e+02	6.4743068e-07
1.8390805e+02	6.4659946e-07
1.8490755e+02	6.4570509e-07
1.8590704e+02	6.4478047e-07
1.8690656e+02	6.4403724e-07
1.8790605e+02	6.4318374e-07
1.8890555e+02	6.4238242e-07
1.8990506e+02	6.4151283e-07
1.9090456e+02	6.4063607e-07
1.9190405e+02	6.3996742e-07
1.9290355e+02	6.3907657e-07
1.9390305e+02	6.3829907e-07
1.9490256e+02	6.3754419e-07
1.9590205e+02	6.3657120e-07
1.9690155e+02	6.3593114e-07
1.9790106e+02	6.3527881e-07
1.9890056e+02	6.3441996e-07
1.9990005e+02	6.3358169e-07
2.0089955e+02	6.3273376e-07
2.0189905e+02	6.3208222e-07
2.0289856e+02	6.3126106e-07
2.0389806e+02	6.3058070e-07
2.0489755e+02	6.2982343e-07
2.0589706e+02	6.2904689e-07
2.0689656e+02	6.2837336e-07
2.0789606e+02	6.2761814e-07
2.0889555e+02	6.2690464e-07
2.0989505e+02	6.2627220e-07
2.1089456e+02	6.2567483e-07
2.1189406e+02	6.2483110e-07
2.1289355e+02	6.2420668e-07
2.1389307e+02	6.2380587e-07
2.1489256e+02	6.2300694e-07
2.1589206e+02	6.2226593e-07
2.1689156e+02	6.2186592e-07
2.1789105e+02	6.2117391e-07
2.1889056e+02	6.2075719e-07
2.1989006e+02	6.2005154e-07
2.2088956e+02	6.1969098e-07
2.2188907e+02	6.1911402e-07
2.2288857e+02	6.1869878e-07
2.2388806e+02	6.1827052e-07
2.2488756e+02	6.1766792e-07
2.2588705e+02	6.1717469e-07
2.2688657e+02	6.1670056e-07
2.2788606e+02	6.1636484e-07
2.2888556e+02	6.1589111e-07
2.2988507e+02	6.1548496e-07
2.3088457e+02	6.1501686e-07
2.3188406e+02	6.1458212e-07
2.3288356e+02	6.1434724e-07
2.3388306e+02	6.1379012e-07
2.3488257e+02	6.1356394e-07
2.3588206e+02	6.1320998e-07
2.3688156e+02	6.1278234e-07
2.3788107e+02	6.1260488e-07
2.3888057e+02	6.1224318e-07
2.3988007e+02	6.1188581e-07
2.4087956e+02	6.1170999e-07
2.4187906e+02	6.1112962e-07
2.4287857e+02	6.1107426e-07
2.4387807e+02	6.1044534e-07
2.4487756e+02	6.1017005e-07
2.4587708e+02	6.0978476e-07
2.4687657e+02	6.0939158e-07
2.4787607e+02	6.0905211e-07
2.4887556e+02	6.0871395e-07
2.4987506e+02	6.0832366e-07
2.5087457e+02	6.0791803e-07
2.5187407e+02	6.0746686e-07
2.5287357e+02	6.0697073e-07
2.5387308e+02	6.0657783e-07
2.5487257e+02	6.0628707e-07
2.5587207e+02	6.0580010e-07
2.5687158e+02	6.0537769e-07
2.5787106e+02	6.0483507e-07
2.5887057e+02	6.0427556e-07
2.5987006e+02	6.0379335e-07
2.6086957e+02	6.0349316e-07
2.6186908e+02	6.0297299e-07
2.6286856e+02	6.0242223e-07
2.6386807e+02	6.0209783e-07
2.6486758e+02	6.0165723e-07
2.6586707e+02	6.0110182e-07
2.6686658e+02	6.0052383e-07
2.6786609e+02	6.0026417e-07
2.6886557e+02	5.9990521e-07
2.6986508e+02	5.9929994e-07
2.7086456e+02	5.9893102e-07
2.7186407e+02	5.9848662e-07
2.7286359e+02	5.9829341e-07
2.7386307e+02	5.9758065e-07
2.7486258e+02	5.9732207e-07
2.7586206e+02	5.9695338e-07
2.7686157e+02	5.9641587e-07
2.7786108e+02	5.9612745e-07
2.7886057e+02	5.9562092e-07
2.7986008e+02	5.9541884e-07
2.8085959e+02	5.9493658e-07
2.8185907e+02	5.9451872e-07
2.8285858e+02	5.9405238e-07
2.8385809e+02	5.9396973e-07
2.8485757e+02	5.9354716e-07
2.8585709e+02	5.9319831e-07
2.8685657e+02	5.9265449e-07
2.8785608e+02	5.9238164e-07
2.8885559e+02	5.9192041e-07
2.8985507e+02	5.9163409e-07
2.9085458e+02	5.9126353e-07
2.9185406e+02	5.9075370e-07
2.9285358e+02	5.9033624e-07
2.9385309e+02	5.9022460e-07
2.9485257e+02	5.8989309e-07
2.9585208e+02	5.8940617e-07
2.9685159e+02	5.8918050e-07
2.9785107e+02	5.8898831e-07
2.9885059e+02	5.8851282e-07
2.9985010e+02	5.8813669e-07
3.0084958e+02	5.8787964e-07
3.0184909e+02	5.8757644e-07
3.0284857e+02	5.8736180e-07
3.0384808e+02	5.8698959e-07
3.0484760e+02	5.8688022e-07
3.0584708e+02	5.8651159e-07
3.0684659e+02	5.8614978e-07
3.0784607e+02	5.8605923e-07
3.0884558e+02	5.8551069e-07
3.0984509e+02	5.8538120e-07
3.1084457e+02	5.8516787e-07
3.1184409e+02	5.8508090e-07
3.1284360e+02	5.8496192e-07
3.1384308e+02	5.8450399e-07
3.1484259e+02	5.8431164e-07
3.1584210e+02	5.8405851e-07
3.1684158e+02	5.8379578e-07
3.1784109e+02	5.8360769e-07
3.1884058e+02	5.8333768e-07
3.1984009e+02	5.8318636e-07
3.2083960e+02	5.8298940e-07
3.2183908e+02	5.8271837e-07
3.2283859e+02	5.8243677e-07
3.2383807e+02	5.8225118e-07
3.2483759e+02	5.8184844e-07
3.2583710e+02	5.8166825e-07
3.2683658e+02	5.8127102e-07
3.2783609e+02	5.8114261e-07
3.2883560e+02	5.8084498e-07
3.2983508e+02	5.8040183e-07
3.3083459e+02	5.8009363e-07
3.3183411e+02	5.7985176e-07
3.3283359e+02	5.7953440e-07
3.3383310e+02	5.7904327e-07
3.3483258e+02	5.7876451e-07
3.3583209e+02	5.7855669e-07
3.3683160e+02	5.7822029e-07
3.3783109e+02	5.7773320e-07
3.3883060e+02	5.7745564e-07
3.3983008e+02	5.7717392e-07
3.4082959e+02	5.7672747e-07
3.4182910e+02	5.7626102e-07
3.4282858e+02	5.7577881e-07
3.4382809e+02	5.7544725e-07
3.4482761e+02	5.7513319e-07
3.4582709e+02	5.7457964e-07
3.4682660e+02	5.7432453e-07
3.4782611e+02	5.7388843e-07
3.4882559e+02	5.7332431e-07
3.4982510e+02	5.7327298e-07
3.5082458e+02	5.7278305e-07
3.5182410e+02	5.7227174e-07
3.5282361e+02	5.7184354e-07
3.5382309e+02	5.7167108e-07
3.5482260e+02	5.7133070e-07
3.5582208e+02	5.7057991e-07
3.5682159e+02	5.7019224e-07
3.5782111e+02	5.6993377e-07
3.5882059e+02	5.6953337e-07
3.5982010e+02	5.6935176e-07
3.6081961e+02	5.6868743e-07
3.6181909e+02	5.6833488e-07
3.6281860e+02	5.6783892e-07
3.6381812e+02	5.6766191e-07
3.6481760e+02	5.6719693e-07
3.6581711e+02	5.6689544e-07
3.6681659e+02	5.6652186e-07
3.6781610e+02	5.6628886e-07
3.6881561e+02	5.6600288e-07
3.6981509e+02	5.6558383e-07
3.7081461e+02	5.6541529e-07
3.7181409e+02	5.6495713e-07
3.7281360e+02	5.6483401e-07
3.7381311e+02	5.6449971e-07
3.7481259e+02	5.6426541e-07
3.7581210e+02	5.6382549e-07
3.7681161e+02	5.6354753e-07
3.7781110e+02	5.6324416e-07
3.7881061e+02	5.6308488e-07
3.7981012e+02	5.6266612e-07
3.8080960e+02	5.6259393e-07
3.8180911e+02	5.6234444e-07
3.8280859e+02	5.6205818e-07
3.8380811e+02	5.6189191e-07
3.8480762e+02	5.6162048e-07
3.8580710e+02	5.6115960e-07
3.8680661e+02	5.6114391e-07
3.8780609e+02	5.6089101e-07
3.8880560e+02	5.6082729e-07
3.8980511e+02	5.6064437e-07
3.9080460e+02	5.6032530e-07
3.9180411e+02	5.6016984e-07
3.9280362e+02	5.5993763e-07
3.9380310e+02	5.5969207e-07
3.9480261e+02	5.5941132e-07
3.9580212e+02	5.5937943e-07
3.9680161e+02	5.5895521e-07
3.9780112e+02	5.5884459e-07
3.9880060e+02	5.5854719e-07
3.9980011e+02	5.5819726e-07
4.0079962e+02	5.5810455e-07
4.0179910e+02	5.5795869e-07
4.0279861e+02	5.5761461e-07
4.0379810e+02	5.5744249e-07
4.0479761e+02	5.5730027e-07
4.0579712e+02	5.5700053e-07
4.0679660e+02	5.5676065e-07
4.0779611e+02	5.5660024e-07
4.0879562e+02	5.5635235e-07
4.0979510e+02	5.5626447e-07
4.1079462e+02	5.5588816e-07
4.1179413e+02	5.5570143e-07
4.1279361e+02	5.5551243e-07
4.1379312e+02	5.5520673e-07
4.1479260e+02	5.5496253e-07
4.1579211e+02	5.5467069e-07
4.1679163e+02	5.5437232e-07
4.1779111e+02	5.5426744e-07
4.1879062e+02	5.5410663e-07
4.1979010e+02	5.5371845e-07
4.2078961e+02	5.5341536e-07
4.2178912e+02	5.5329764e-07
4.2278860e+02	5.5314200e-07
4.2378812e+02	5.5279730e-07
4.2478763e+02	5.5268953e-07
4.2578711e+02	5.5221989e-07
4.2678662e+02	5.5234943e-07
4.2778613e+02	5.5206141e-07
4.2878561e+02	5.5167499e-07
4.2978513e+02	5.5153055e-07
4.3078461e+02	5.5137139e-07
4.3178412e+02	5.5102618e-07
4.3278363e+02	5.5091283e-07
4.3378311e+02	5.5053471e-07
4.3478262e+02	5.5035952e-07
4.3578210e+02	5.5011537e-07
4.3678162e+02	5.4984565e-07
4.3778113e+02	5.4973816e-07
4.3878061e+02	5.4943035e-07
4.3978012e+02	5.4921668e-07
4.4077963e+02	5.4901221e-07
4.4177911e+02	5.4868917e-07
4.4277863e+02	5.4852114e-07
4.4377814e+02	5.4828359e-07
4.4477762e+02	5.4787733e-07
4.4577713e+02	5.4768338e-07
4.4677661e+02	5.4725268e-07
4.4777612e+02	5.4706595e-07
4.4877563e+02	5.4672000e-07
4.4977512e+02	5.4635643e-07
4.5077463e+02	5.4617863e-07
4.5177411e+02	5.4593318e-07
4.5277362e+02	5.4578203e-07
4.5377313e+02	5.4534183e-07
4.5477261e+02	5.4486560e-07
4.5577213e+02	5.4478556e-07
4.5677164e+02	5.4447804e-07
4.5777112e+02	5.4415233e-07
4.5877063e+02	5.4390449e-07
4.5977014e+02	5.4360066e-07
4.6076962e+02	5.4327109e-07
4.6176913e+02	5.4290336e-07
4.6276862e+02	5.4267588e-07
4.6376813e+02	5.4232373e-07
4.6476764e+02	5.4199052e-07
4.6576712e+02	5.4180725e-07
4.6676663e+02	5.4164627e-07
4.6776611e+02	5.4126326e-07
4.6876563e+02	5.4103447e-07
4.6976514e+02	5.4074428e-07
4.7076462e+02	5.4042169e-07
4.7176413e+02	5.4010781e-07
4.7276364e+02	5.3988964e-07
4.7376312e+02	5.3956194e-07
4.7476263e+02	5.3939976e-07
4.7576215e+02	5.3909980e-07
4.7676163e+02	5.3870343e-07
4.7776114e+02	5.3843962e-07
4.7876062e+02	5.3814330e-07
4.7976013e+02	5.3786306e-07
4.8075964e+02	5.3759823e-07
4.8175912e+02	5.3722232e-07
4.8275864e+02	5.3687211e-07
4.8375812e+02	5.3668367e-07
4.8475763e+02	5.3633005e-07
4.8575714e+02	5.3598859e-07
4.8675662e+02	5.3569494e-07
4.8775613e+02	5.3539202e-07
4.8875565e+02	5.3517942e-07
4.8975513e+02	5.3485343e-07
4.9075464e+02	5.3448059e-07
4.9175415e+02	5.3421104e-07
4.9275363e+02	5.3396002e-07
4.9375314e+02	5.3355149e-07
4.9475262e+02	5.3332712e-07
4.9575214e+02	5.3304569e-07
4.9675165e+02	5.3272879e-07
4.9775113e+02	5.3234214e-07
4.9875064e+02	5.3206077e-07
4.9975012e+02	5.3173602e-07
5.0074963e+02	5.3149574e-07
5.0174915e+02	5.3110585e-07
5.0274863e+02	5.3086848e-07
5.0374814e+02	5.3061746e-07
5.0474765e+02	5.3025207e-07
5.0574713e+02	5.2989230e-07
5.0674664e+02	5.2952174e-07
5.0774615e+02	5.2925947e-07
5.0874564e+02	5.2893341e-07
5.0974515e+02	5.2859781e-07
5.1074463e+02	5.2817882e-07
5.1174414e+02	5.2770798e-07
5.1274365e+02	5.2738932e-07
5.1374316e+02	5.2708856e-07
5.1474261e+02	5.2678433e-07
5.1574213e+02	5.2643196e-07
5.1674164e+02	5.2607885e-07
5.1774115e+02	5.2577093e-07
5.1874066e+02	5.2539133e-07
5.1974011e+02	5.2495693e-07
5.2073962e+02	5.2461723e-07
5.2173914e+02	5.2426793e-07
5.2273865e+02	5.2384144e-07
5.2373816e+02	5.2347173e-07
5.2473767e+02	5.2317961e-07
5.2573712e+02	5.2276772e-07
5.2673663e+02	5.2235282e-07
5.2773615e+02	5.2180712e-07
5.2873566e+02	5.2144344e-07
5.2973517e+02	5.2117747e-07
5.3073462e+02	5.2090508e-07
5.3173413e+02	5.2047977e-07
5.3273364e+02	5.2014929e-07
5.3373315e+02	5.1972609e-07
5.3473267e+02	5.1945881e-07
5.3573218e+02	5.1920631e-07
5.3673163e+02	5.1884228e-07
5.3773114e+02	5.1844933e-07
5.3873065e+02	5.1805779e-07
5.3973016e+02	5.1777971e-07
5.4072968e+02	5.1749055e-07
5.4172913e+02	5.1706724e-07
5.4272864e+02	5.1664983e-07
5.4372815e+02	5.1644832e-07
5.4472766e+02	5.1602916e-07
5.4572717e+02	5.1580747e-07
5.4672662e+02	5.1560079e-07
5.4772614e+02	5.1523551e-07
5.4872565e+02	5.1492293e-07
5.4972516e+02	5.1466168e-07
5.5072467e+02	5.1444482e-07
5.5172412e+02	5.1417032e-07
5.5272363e+02	5.1383859e-07
5.5372314e+02	5.1366379e-07
5.5472266e+02	5.1329448e-07
5.5572217e+02	5.1301413e-07
5.5672168e+02	5.1282683e-07
5.5772113e+02	5.1249771e-07
5.5872064e+02	5.1229637e-07
5.5972015e+02	5.1205353e-07
5.6071967e+02	5.1185754e-07
5.6171918e+02	5.1156917e-07
5.6271863e+02	5.1131263e-07
5.6371814e+02	5.1110601e-07
5.6471765e+02	5.1095714e-07
5.6571716e+02	5.1065831e-07
5.6671667e+02	5.1050802e-07
5.6771619e+02	5.1030690e-07
5.6871564e+02	5.1001740e-07
5.6971515e+02	5.0979708e-07
5.7071466e+02	5.0960227e-07
5.7171417e+02	5.0950325e-07
5.7271368e+02	5.0929657e-07
5.7371313e+02	5.0909910e-07
5.7471265e+02	5.0885575e-07
5.7571216e+02	5.0864054e-07
5.7671167e+02	5.0843886e-07
5.7771118e+02	5.0818574e-07
5.7871063e+02	5.0791243e-07
5.7971014e+02	5.0771132e-07
5.8070966e+02	5.0750577e-07
5.8170917e+02	5.0728357e-07
5.8270868e+02	5.0707251e-07
5.8370813e+02	5.0689010e-07
5.8470764e+02	5.0673742e-07
5.8570715e+02	5.0651494e-07
5.8670667e+02	5.0626699e-07
5.8770618e+02	5.0610589e-07
5.8870569e+02	5.0583139e-07
5.8970514e+02	5.0554178e-07
5.9070465e+02	5.0536482e-07
5.9170416e+02	5.0516502e-07
5.9270367e+02	5.0491963e-07
5.9370319e+02	5.0472397e-07
5.9470264e+02	5.0447306e-07
5.9570215e+02	5.0418504e-07
5.9670166e+02	5.0396409e-07
5.9770117e+02	5.0367498e-07
5.9870068e+02	5.0348751e-07
5.9970020e+02	5.0329135e-07
6.0069965e+02	5.0297081e-07
6.0169916e+02	5.0257984e-07
6.0269867e+02	5.0230773e-07
6.0369818e+02	5.0207962e-07
6.0469769e+02	5.0185605e-07
6.0569714e+02	5.0162851e-07
6.0669666e+02	5.0127784e-07
6.0769617e+02	5.0102557e-07
6.0869568e+02	5.0074897e-07
6.0969519e+02	5.0044054e-07
6.1069464e+02	5.0013125e-07
6.1169415e+02	4.9979576e-07
6.1269366e+02	4.9954468e-07
6.1369318e+02	4.9928110e-07
6.1469269e+02	4.9896357e-07
6.1569214e+02	4.9866406e-07
6.1669165e+02	4.9840310e-07
6.1769116e+02	4.9815020e-07
6.1869067e+02	4.9794096e-07
6.1969019e+02	4.9757995e-07
6.2068970e+02	4.9730858e-07
6.2168915e+02	4.9705068e-07
6.2268866e+02	4.9675418e-07
6.2368817e+02	4.9634724e-07
6.2468768e+02	4.9613539e-07
6.2568719e+02	4.9590108e-07
6.2668665e+02	4.9568041e-07
6.2768616e+02	4.9539136e-07
6.2868567e+02	4.9508401e-07
6.2968518e+02	4.9476449e-07
6.3068469e+02	4.9447851e-07
6.3168420e+02	4.9421050e-07
6.3268365e+02	4.9394566e-07
6.3368317e+02	4.9372716e-07
6.3468268e+02	4.9343726e-07
6.3568219e+02	4.9307016e-07
6.3668170e+02	4.9281010e-07
6.3768115e+02	4.9247836e-07
6.3868066e+02	4.9219022e-07
6.3968018e+02	4.9188492e-07
6.4067969e+02	4.9172479e-07
6.4167920e+02	4.9147883e-07
6.4267865e+02	4.9114999e-07
6.4367816e+02	4.9089141e-07
6.4467767e+02	4.9064073e-07
6.4567719e+02	4.9030444e-07
6.4667670e+02	4.9004819e-07
6.4767615e+02	4.8981559e-07
6.4867566e+02	4.8959231e-07
6.4967517e+02	4.8935743e-07
6.5067468e+02	4.8905798e-07
6.5167419e+02	4.8875859e-07
6.5267371e+02	4.8846505e-07
6.5367316e+02	4.8816560e-07
6.5467267e+02	4.8793368e-07
6.5567218e+02	4.8771830e-07
6.5667169e+02	4.8746818e-07
6.5767120e+02	4.8721131e-07
6.5867065e+02	4.8695932e-07
6.5967017e+02	4.8669546e-07
6.6066968e+02	4.8651299e-07
6.6166919e+02	4.8625424e-07
6.6266870e+02	4.8589476e-07
6.6366821e+02	4.8556478e-07
6.6466766e+02	4.8529290e-07
6.6566718e+02	4.8496139e-07
6.6666669e+02	4.8463295e-07
6.6766620e+02	4.8443360e-07
6.6866571e+02	4.8427660e-07
6.6966516e+02	4.8408015e-07
6.7066467e+02	4.8380605e-07
6.7166418e+02	4.8355594e-07
6.7266370e+02	4.8316451e-07
6.7366321e+02	4.8287552e-07
6.7466266e+02	4.8259199e-07
6.7566217e+02	4.8230783e-07
6.7666168e+02	4.8206937e-07
6.7766119e+02	4.8185075e-07
6.7866071e+02	4.8154828e-07
6.7966016e+02	4.8126873e-07
6.8065967e+02	4.8102004e-07
6.8165918e+02	4.8078624e-07
6.8265869e+02	4.8061122e-07
6.8365820e+02	4.8037833e-07
6.8465771e+02	4.8018745e-07
6.8565717e+02	4.7977176e-07
6.8665668e+02	4.7947685e-07
6.8765619e+02	4.7915836e-07
6.8865570e+02	4.7893059e-07
6.8965521e+02	4.7869565e-07
6.9065466e+02	4.7841138e-07
6.9165417e+02	4.7820402e-07
6.9265369e+02	4.7800762e-07
6.9365320e+02	4.7772045e-07
6.9465271e+02	4.7744123e-07
6.9565222e+02	4.7718055e-07
6.9665167e+02	4.7690997e-07
6.9765118e+02	4.7667615e-07
6.9865070e+02	4.7647643e-07
6.9965021e+02	4.7624826e-07
7.0064972e+02	4.7590822e-07
7.0164917e+02	4.7568747e-07
7.0264868e+02	4.7539450e-07
7.0364819e+02	4.7508561e-07
7.0464771e+02	4.7489172e-07
7.0564722e+02	4.7455597e-07
7.0664667e+02	4.7419593e-07
7.0764618e+02	4.7402912e-07
7.0864569e+02	4.7376949e-07
7.0964520e+02	4.7358057e-07
7.1064471e+02	4.7325497e-07
7.1164417e+02	4.7295845e-07
7.1264368e+02	4.7272928e-07
7.1364319e+02	4.7248895e-07
7.1464270e+02	4.7224171e-07
7.1564221e+02	4.7204475e-07
7.1664172e+02	4.7169800e-07
7.1764117e+02	4.7145676e-07
7.1864069e+02	4.7124749e-07
7.1964020e+02	4.7100843e-07
7.2063971e+02	4.7081377e-07
7.2163922e+02	4.7062355e-07
7.2263867e+02	4.7028266e-07
7.2363818e+02	4.7000924e-07
7.2463770e+02	4.6975362e-07
7.2563721e+02	4.6954341e-07
7.2663672e+02	4.6931797e-07
7.2763623e+02	4.6905268e-07
7.2863568e+02	4.6882957e-07
7.2963519e+02	4.6856411e-07
7.3063470e+02	4.6832335e-07
7.3163422e+02	4.6810132e-07
7.3263373e+02	4.6782981e-07
7.3363318e+02	4.6762563e-07
7.3463269e+02	4.6731631e-07
7.3563220e+02	4.6704776e-07
7.3663171e+02	4.6683954e-07
7.3763123e+02	4.6659176e-07
7.3863068e+02	4.6636677e-07
7.3963019e+02	4.6610356e-07
7.4062970e+02	4.6585782e-07
7.4162921e+02	4.6554467e-07
7.4262872e+02	4.6529905e-07
7.4362817e+02	4.6496521e-07
7.4462769e+02	4.6466326e-07
7.4562720e+02	4.6437043e-07
7.4662671e+02	4.6424864e-07
7.4762622e+02	4.6405739e-07
7.4862573e+02	4.6386077e-07
7.4962518e+02	4.6364241e-07
7.5062469e+02	4.6337493e-07
7.5162421e+02	4.6316501e-07
7.5262372e+02	4.6301125e-07
7.5362323e+02	4.6268732e-07
7.5462268e+02	4.6241243e-07
7.5562219e+02	4.6218113e-07
7.5662170e+02	4.6190976e-07
7.5762122e+02	4.6164541e-07
7.5862073e+02	4.6137157e-07
7.5962024e+02	4.6109685e-07
7.6061969e+02	4.6095397e-07
7.6161920e+02	4.6065642e-07
7.6261871e+02	4.6048987e-07
7.6361823e+02	4.6021106e-07
7.6461774e+02	4.6002887e-07
7.6561719e+02	4.5983697e-07
7.6661670e+02	4.5962099e-07
7.6761621e+02	4.5938529e-07
7.6861572e+02	4.5913859e-07
7.6961523e+02	4.5885872e-07
7.7061469e+02	4.5861751e-07
7.7161420e+02	4.5839062e-07
7.7261371e+02	4.5823140e-07
7.7361322e+02	4.5806075e-07
7.7461273e+02	4.5780919e-07
7.7561218e+02	4.5761232e-07
7.7661169e+02	4.5736405e-07
7.7761121e+02	4.5712355e-07
7.7861072e+02	4.5691272e-07
7.7961023e+02	4.5669876e-07
7.8060974e+02	4.5647118e-07
7.8160919e+02	4.5617313e-07
7.8260870e+02	4.5589672e-07
7.8360822e+02	4.5571477e-07
7.8460773e+02	4.5554643e-07
7.8560724e+02	4.5529791e-07
7.8660669e+02	4.5509032e-07
7.8760620e+02	4.5487081e-07
7.8860571e+02	4.5465129e-07
7.8960522e+02	4.5448505e-07
7.9060474e+02	4.5422914e-07
7.9160425e+02	4.5399921e-07
7.9260370e+02	4.5376697e-07
7.9360321e+02	4.5351715e-07
7.9460272e+02	4.5335472e-07
7.9560223e+02	4.5307596e-07
7.9660175e+02	4.5282360e-07
7.9760120e+02	4.5267029e-07
7.9860071e+02	4.5252702e-07
7.9960022e+02	4.5239858e-07
8.0059973e+02	4.5223291e-07
8.0159924e+02	4.5204027e-07
8.0259869e+02	4.5173721e-07
8.0359821e+02	4.5142795e-07
8.0459772e+02	4.5122067e-07
8.0559723e+02	4.5108803e-07
8.0659674e+02	4.5096826e-07
8.0759619e+02	4.5082399e-07
8.0859570e+02	4.5054128e-07
8.0959521e+02	4.5035745e-07
8.1059473e+02	4.5019317e-07
8.1159424e+02	4.5007133e-07
8.1259375e+02	4.4999055e-07
8.1359320e+02	4.4973265e-07
8.1459271e+02	4.4949383e-07
8.1559222e+02	4.4928663e-07
8.1659174e+02	4.4912986e-07
8.1759125e+02	4.4896100e-07
8.1859070e+02	4.4875043e-07
8.1959021e+02	4.4859237e-07
8.2058972e+02	4.4843489e-07
8.2158923e+02	4.4827107e-07
8.2258875e+02	4.4810190e-07
8.2358826e+02	4.4795101e-07
8.2458771e+02	4.4775479e-07
8.2558722e+02	4.4763146e-07
8.2658673e+02	4.4749950e-07
8.2758624e+02	4.4732593e-07
8.2858575e+02	4.4711729e-07
8.2958521e+02	4.4683836e-07
8.3058472e+02	4.4678791e-07
8.3158423e+02	4.4661502e-07
8.3258374e+02	4.4647740e-07
8.3358325e+02	4.4633529e-07
8.3458270e+02	4.4612952e-07
8.3558221e+02	4.4595677e-07
8.3658173e+02	4.4577450e-07
8.3758124e+02	4.4561909e-07
8.3858075e+02	4.4544575e-07
8.3958020e+02	4.4524560e-07
8.4057971e+02	4.4510841e-07
8.4157922e+02	4.4489661e-07
8.4257874e+02	4.4472856e-07
8.4357825e+02	4.4458960e-07
8.4457776e+02	4.4444351e-07
8.4557721e+02	4.4431511e-07
8.4657672e+02	4.4410166e-07
8.4757623e+02	4.4392732e-07
8.4857574e+02	4.4379149e-07
8.4957526e+02	4.4361528e-07
8.5057471e+02	4.4337091e-07
8.5157422e+02	4.4320490e-07
8.5257373e+02	4.4311764e-07
8.5357324e+02	4.4292628e-07
8.5457275e+02	4.4269194e-07
8.5557227e+02	4.4250058e-07
8.5657172e+02	4.4230657e-07
8.5757123e+02	4.4217438e-07
8.5857074e+02	4.4193453e-07
8.5957025e+02	4.4178620e-07
8.6056976e+02	4.4166285e-07
8.6156921e+02	4.4151602e-07
8.6256873e+02	4.4132824e-07
8.6356824e+02	4.4118039e-07
8.6456775e+02	4.4102975e-07
8.6556726e+02	4.4082648e-07
8.6656671e+02	4.4063989e-07
8.6756622e+02	4.4045947e-07
8.6856573e+02	4.4031140e-07
8.6956525e+02	4.4016386e-07
8.7056476e+02	4.4001885e-07
8.7156421e+02	4.3991773e-07
8.7256372e+02	4.3977641e-07
8.7356323e+02	4.3954617e-07
8.7456274e+02	4.3940898e-07
8.7556226e+02	4.3929671e-07
8.7656177e+02	4.3910370e-07
8.7756122e+02	4.3905032e-07
8.7856073e+02	4.3897754e-07
8.7956024e+02	4.3891163e-07
8.8055975e+02	4.3880183e-07
8.8155927e+02	4.3861345e-07
8.8255872e+02	4.3845301e-07
8.8355823e+02	4.3831176e-07
8.8455774e+02	4.3820285e-07
8.8555725e+02	4.3814586e-07
8.8655676e+02	4.3806219e-07
8.8755627e+02	4.3794390e-07
8.8855573e+02	4.3789262e-07
8.8955524e+02	4.3776279e-07
8.9055475e+02	4.3771192e-07
8.9155426e+02	4.3756560e-07
8.9255377e+02	4.3740283e-07
8.9355322e+02	4.3728875e-07
8.9455273e+02	4.3720456e-07
8.9555225e+02	4.3709124e-07
8.9655176e+02	4.3701613e-07
8.9755127e+02	4.3693223e-07
8.9855072e+02	4.3689460e-07
8.9955023e+02	4.3679540e-07
9.0054974e+02	4.3666302e-07
9.0154926e+02	4.3655098e-07
9.0254877e+02	4.3641859e-07
9.0354822e+02	4.3636120e-07
9.0454773e+02	4.3633042e-07
9.0554724e+02	4.3630044e-07
9.0654675e+02	4.3626162e-07
9.0754626e+02	4.3609853e-07
9.0854578e+02	4.3602148e-07
9.0954523e+02	4.3583199e-07
9.1054474e+02	4.3570989e-07
9.1154425e+02	4.3553740e-07
9.1254376e+02	4.3545148e-07
9.1354327e+02	4.3546257e-07
9.1454272e+02	4.3541331e-07
9.1554224e+02	4.3536429e-07
9.1654175e+02	4.3532322e-07
9.1754126e+02	4.3521348e-07
9.1854077e+02	4.3510261e-07
9.1954028e+02	4.3496223e-07
9.2053973e+02	4.3481305e-07
9.2153925e+02	4.3467153e-07
9.2253876e+02	4.3455577e-07
9.2353827e+02	4.3447218e-07
9.2453778e+02	4.3445107e-07
9.2553723e+02	4.3441784e-07
9.2653674e+02	4.3430759e-07
9.2753625e+02	4.3425325e-07
9.2853577e+02	4.3408727e-07
9.2953528e+02	4.3402829e-07
9.3053473e+02	4.3389815e-07
9.3153424e+02	4.3381095e-07
9.3253375e+02	4.3374152e-07
9.3353326e+02	4.3359776e-07
9.3453278e+02	4.3351636e-07
9.3553223e+02	4.3350238e-07
9.3653174e+02	4.3334327e-07
9.3753125e+02	4.3323459e-07
9.3853076e+02	4.3315541e-07
9.3953027e+02	4.3301139e-07
9.4052979e+02	4.3292044e-07
9.4152924e+02	4.3281634e-07
9.4252875e+02	4.3273505e-07
9.4352826e+02	4.3263466e-07
9.4452777e+02	4.3254053e-07
9.4552728e+02	4.3251663e-07
9.4652673e+02	4.3233860e-07
9.4752625e+02	4.3218392e-07
9.4852576e+02	4.3206757e-07
9.4952527e+02	4.3199401e-07
9.5052478e+02	4.3197818e-07
9.5152429e+02	4.3184093e-07
9.5252374e+02	4.3168689e-07
9.5352325e+02	4.3160628e-07
9.5452277e+02	4.3148799e-07
9.5552228e+02	4.3141534e-07
9.5652179e+02	4.3146542e-07
9.5752124e+02	4.3142751e-07
9.5852075e+02	4.3133741e-07
9.5952026e+02	4.3121469e-07
9.6051978e+02	4.3105115e-07
9.6151929e+02	4.3096102e-07
9.6251874e+02	4.3086396e-07
9.6351825e+02	4.3084938e-07
9.6451776e+02	4.3082818e-07
9.6551727e+02	4.3071850e-07
9.6651678e+02	4.3075255e-07
9.6751624e+02	4.3063011e-07
9.6851575e+02	4.3057881e-07
9.6951526e+02	4.3049985e-07
9.7051477e+02	4.3049678e-07
9.7151428e+02	4.3054237e-07
9.7251379e+02	4.3055445e-07
9.7351324e+02	4.3050076e-07
9.7451276e+02	4.3041140e-07
9.7551227e+02	4.3031190e-07
9.7651178e+02	4.3023539e-07
9.7751129e+02	4.3017326e-07
9.7851074e+02	4.3011363e-07
9.7951025e+02	4.3008549e-07
9.8050977e+02	4.3007404e-07
9.8150928e+02	4.3006750e-07
9.8250879e+02	4.3003155e-07
9.8350830e+02	4.2996757e-07
9.8450775e+02	4.2991229e-07
9.8550726e+02	4.2986065e-07
9.8650677e+02	4.2986022e-07
9.8750629e+02	4.2987136e-07
9.8850580e+02	4.2993918e-07
9.8950525e+02	4.3001705e-07
9.9050476e+02	4.2993042e-07
9.9150427e+02	4.2988634e-07
9.9250378e+02	4.2991678e-07
9.9350330e+02	4.2996831e-07
9.9450275e+02	4.2995254e-07
9.9550226e+02	4.2998241e-07
9.9650177e+02	4.2997939e-07
9.9750128e+02	4.2989038e-07
9.9850079e+02	4.2984399e-07
9.9950024e+02	4.2973949e-07
)
